    robin lesley alice zac annabel
W11a    0      4     3   2       1
W11b    3      0     1   4       2
W11c    3      1     0   4       2
W11d    2      3     4   0       1
W11e    3      2     1   4       0
W12a    0      1     4   2       3
W12b    4      0     3   2       1
W12c    4      1     0   3       2
W12d    4      3     1   0       2
W12e    4      1     2   3       0
W13a    0      1     3   2       4
W13b    4      0     1   3       2
W13c    0      1     0   3       2
W13d    3      0     2   0       1
W13e    4      2     1   3       0
W14a    0      1     2   3       4
W14b    1      0     3   4       2
W14c    3      2     0   4       1
W14d    1      3     4   0       2
W14e    3      2     1   4       0
W15a    0      1     2   3       4	
W15b    2      0     1   4       3  
W15c    1      3     0   2       4
W15d    2      4     3   0       1
W15e    3      2     1   4       0
W16a    0      1     2   3       4
W16b    3      0     2   4       1
W16c    2      1     0   4       3
W16d    1      2     3   0       4
W16e    4      2     1   3       0
W17a    0      3     1   2       4
W17b    3      0     1   4       2
W17c    2      3     0   4       1
W17d    1      4     3   0       2
W17e    4      2     1   3       0
W18a    0      4     2   3       1
W18b    3      0     2   4       1
W18c    3      2     0   4       1
W18d    2      4     3   0       1
W18e    4      2     1   3       0
W19a    0      3     2   4       1
W19b    2      0     3   4       1
W19c    3      2     0   4       1
W19d    2      1     3   0       0
W19e    3      2     1   4       0
W10a    0      2     1   0       3
W10b    4      0     2   3       1
W10c    4      1     0   3       2
W10d    2      3     1   4       0
W10e    1      3     2   4       0
