        23      22      21      20      19      18      17      16      15      14      13 
ARG     59      42      46      50      53      39      26      57      52      56      67 
ARM     32      26      37      37      49      32      41      30      26      39      40 
AUS     23      29      18      8       18      11      34      25      6       11      15 
AUT     49      56      64      65      60      57      70      46      60      51      48 
AZE     54      34      51      65      51      69      42      54      48      61      52 
BEL     63      63      43      50      68      47      62      52      56      59      44 
BGD     46      57      43      38      67      41      26      35      33      53      61 
BGR     25      16      18      38      19      21      18      18      29      37      38 
BIH     36      36      40      56      60      43      44      45      43      51      63 
BLR     17      31      24      45      35      45      14      35      39      34      22 
BRA     16      19      35      10      29      28      37      15      22      34      28 
CAN     5       14      5       12      24      16      29      12      9       9       11 
CHI     96      89      84      95      90      91      76      91      97      81      73 
CHN     1       1       1       1       1       3       2       3       2       1       1  
COL     72      75      61      35      66      66      60      66      49      54      48 
CRI     76      66      84      88      83      63      81      59      67      63      62 
CYP     52      67      77      80      75      75      48      63      63      72      64 
CZE     45      52      16      23      46      39      14      37      45      32      37 
DEN     58      53      67      53      48      58      65      81      69      67      77 
ECU     90      89      73      64      87      71      78      83      80      89      69 
ESP     35      42      63      31      42      54      55      49      72      48      59 
EST     47      50      50      57      36      51      71      61      70      74      55 
FIN     64      62      69      60      65      59      84      71      82      70      67 
FRA     28      32      27      14      25      33      39      25      14      45      21 
GEO     38      53      41      18      45      27      12      59      42      47      51 
GER     20      7       12      26      32      31      33      19      27      16      27 
HEL     26      26      64      55      40      54      12      50      51      41      38 
HKG     24      19      21      28      37      49      26      9       28      18      31 
HRV     52      34      21      32      42      22      35      30      15      29      30 
HUN     22      32      32      13      11      15      22      14      20      15      22 
IDN     39      38      33      32      14      10      31      20      29      29      19 
IRL     77      69      93      70      71      76      62      75      77      64      76 
IRN     11      8       29      18      23      19      5       24      7       21      10 
ISL     78      83      94      92      80      67      89      90      75      76      78 
ISR     14      10      7       21      15      26      32      22      40      18      13 
ITA     17      10      7       6       27      17      18      15      29      26      20 
JPN     6       8       25      18      13      13      6       10      22      5       11 
KAZ     21      17      20      21      22      18      25      28      25      23      33 
KGZ     71      76      73      76      91      77      67      84      92      85      71 
KOR     3       2       3       4       3       7       1       2       3       7       2  
LKA     70      73      81      61      69      72      62      66      70      54      56 
LTU     64      48      76      54      52      52      74      50      65      42      46 
LUX     101     93      98      103     100     93      89      95      97      79      79 
LVA     55      63      48      67      72      78      57      74      79      66      66 
MAR     68      70      75      90      64      73      67      79      80      78      85 
MAS     44      44      41      32      70      48      37      56      57      23      31 
MDA     55      47      51      52      50      50      58      63      38      48      54 
MEX     14      23      34      45      41      36      43      23      19      26      17 
MKD     41      39      45      72      75      82      65      73      74      67      74 
MNE     96      95      79      73      86      89      93      88      89      88      95 
MNG     30      29      11      29      26      28      48      33      45      44      42 
NLD     29      40      47      29      37      36      18      44      43      13      25 
NOR     62      61      51      58      34      56      72      84      65      69      71 
NZL     64      58      69      47      58      45      46      53      49      60      48 
PAK     81      82      103     82      83      80      81      91      85      75      79 
PAR     82      78      87      75      92      95      88      71      67      71      70 
PER     32      19      30      36      28      35      30      25      16      29      26 
PHI     26      55      23      43      31      38      17      17      36      45      53 
POL     32      12      13      6       10      9       22      42      17      26      45 
POR     74      44      54      44      54      52      54      47      52      33      36 
PRI     93      86      79      78      105     73      85      87      90      91      88 
ROU     4       5       27      15      17      33      22      20      13      11      22 
SAF     51      63      60      61      46      62      60      58      55      64      58 
SAU     36      22      38      59      33      60      39      41      41      43      42 
SGP     12      24      15      16      8       8       7       4       10      8       6  
SRB     42      37      31      25      9       13      18      40      29      23      34 
SUI     43      40      48      49      58      68      58      43      45      38      40 
SVK     39      46      39      40      39      23      67      55      33      34      34 
SVN     64      72      64      40      44      42      52      63      73      58      74 
SWE     59      60      57      40      55      24      51      37      60      57      60 
SYR     61      70      68      47      55      60      56      48      54      72      88 
THA     19      6       16      5       5       5       7       12      12      21      13 
TJK     73      59      59      74      62      43      44      62      64      50      56 
TUN     75      67      56      71      74      70      79      76      75      80      65 
TUR     8       26      35      26      29      24      35      29      20      17      17 
TWN     10      14      9       23      21      6       9       5       18      3       8  
UGA     108     100     101     87      102     100     95      98      100     94      95 
UKR     31      17      6       11      11      4       14      30      11      6       16 
UNK     13      13      9       9       20      12      9       7       22      20      9  
URY     83      89      88      80      88      103     92      93      93      84      93 
USA     2       3       4       3       1       1       4       1       1       2       3  
VEN     104     104     83      83      105     106     79      86      96      86      92 
VNM     7       4       14      17      7       20      3       11      5       10      7  
